src,dst,count
#tanushreepandey,#HathrasTapes,3
#HathrasTapes,#Hathras,27
#tanushreepandey,#Hathras,3
#Hathras,#HathrasTapes,27
